    CHArea  CHHght  Age  BTUIn  BTUOut  Damper
0     28.0      20    8   7.87    8.25       1
1    144.0      26   75   9.43    9.66       1
2     80.0      30   44   7.16    8.33       1
3    100.0      24   75   8.67    8.82       1
4    168.0      35   30  12.31   12.06       1
5     28.0      17    4   9.84    9.67       1
6     64.0      24   45  16.90   17.51       1
7     64.0      18   16  10.04   10.79       1
8     96.0      25   45  12.62   13.59       1
9    108.0      27   40   7.62    7.99       1
10    64.0      16   22  11.12   12.64       1
11    63.0      30   40  13.43   14.42       1
12    42.0      15   13   9.07    9.25       1
13   117.0      25   99   6.94    7.79       1
14    64.0      18   19  10.28   11.29       1
15    28.0      17   30   9.37   10.26       1
16    64.0      28   60   7.93    9.46       1
17    64.0      19   30  13.96   14.77       1
18    28.0      26   10   6.80    7.21       1
19    80.0      27   60   4.00    4.29       1
20    28.0      14   24   8.58    9.81       1
21    28.0      23   70   8.00    8.41       1
22    64.0      17   12   5.98    6.78       1
23     NaN      30   60  15.24   16.30       1
24    64.0      27   40   8.54    9.01       1
 
           CHArea     CHHght        Age      BTUIn     BTUOut
count   89.000000  90.000000  90.000000  90.000000  90.000000
mean    62.561798  21.966667  38.566667  10.038444  10.813111
std     32.530739   5.925473  31.093209   2.867990   3.088407
min     28.000000  14.000000   1.000000   2.970000   3.200000
25%     28.000000  17.000000  12.000000   7.947500   8.707500
50%     64.000000  20.000000  30.000000   9.835000  10.740000
75%     80.000000  27.000000  60.000000  12.045000  12.797500
max    168.000000  39.000000  99.000000  18.260000  20.550000
 
Missing CHArea %-tiles in pandas release 0.18.1:
[ 28.  64.  80.]
 
2    50
1    40
Name: Damper, dtype: int64
 
90 pct CI about BTUIn mean: 9.53595 10.03844 10.54094
 
90 pct CI about BTUIn dtdv: 2.55635 2.86799 3.27509
 
Slope: 1.05651
Intercept: 0.20742
Multiple R-squared: 0.9626
